pos	val_A	val_C	val_G	val_T
0	+0.003559	-0.008914	-0.031095	+0.036449
1	+0.029276	-0.028519	-0.013724	+0.012966
2	+0.030385	-0.023582	-0.040562	+0.033759
3	-0.001165	-0.038689	+0.035530	+0.004324
4	+0.007798	+0.010341	-0.014799	-0.003340
5	+0.009740	+0.000826	-0.003693	-0.006873
6	+0.006948	-0.020449	-0.007961	+0.021463
7	+0.008617	-0.018562	-0.005044	+0.014989
8	+0.008629	-0.013640	-0.031868	+0.036879
9	+0.017647	-0.035826	-0.006777	+0.024956
10	+0.010315	-0.019683	-0.029758	+0.039127
11	-0.018360	+0.006535	-0.027056	+0.038880
12	+0.022081	-0.015352	-0.033797	+0.027067
13	+0.006275	-0.006689	-0.023371	+0.023785
14	-0.013198	+0.013939	-0.027882	+0.027141
15	+0.049563	-0.013633	-0.026619	-0.009311
16	+0.043019	-0.054622	-0.008051	+0.019654
17	+0.081321	-0.068659	-0.091244	+0.078582
18	+0.079859	-0.094808	-0.059601	+0.074550
19	-0.040782	-0.074582	-0.172545	+0.287909
20	-0.004488	-0.043286	-0.140059	+0.187833
21	+0.031548	+0.000791	-0.171159	+0.138821
22	+0.282017	-0.037170	-0.105286	-0.139562
23	-0.100881	+0.041438	-0.045730	+0.105173
24	+0.017250	-0.048187	+0.115652	-0.084714
25	-0.067191	-0.197875	+0.043874	+0.221192
26	-0.011559	-0.087677	-0.129913	+0.229149
27	-0.185921	+0.001128	+0.022879	+0.161914
28	+0.143423	-0.097886	-0.140166	+0.094629
29	-0.165798	-0.041806	+0.197241	+0.010363
30	-0.139189	-0.003495	+0.083212	+0.059472
31	-0.065017	+0.002685	-0.028459	+0.090791
32	+0.006619	+0.009710	+0.027520	-0.043850
33	-0.051043	+0.031752	+0.019718	-0.000427
34	+0.016655	-0.030028	+0.019487	-0.006115
35	+0.054750	-0.012170	+0.016170	-0.058749
36	+0.033072	-0.030532	-0.004922	+0.002382
37	+0.040509	-0.031377	-0.017667	+0.008534
38	+0.002318	+0.026587	-0.039579	+0.010675
39	-0.010759	+0.017738	-0.016998	+0.010019
40	-0.004369	+0.002390	+0.004223	-0.002244
41	-0.009371	+0.015039	+0.011031	-0.016699
42	+0.009660	-0.015357	+0.022278	-0.016582
43	+0.051495	-0.054443	+0.042222	-0.039273
44	-0.019258	-0.004273	+0.032487	-0.008956
45	+0.083895	-0.107104	-0.076158	+0.099367
46	-0.022721	-0.080483	-0.070853	+0.174057
47	-0.053126	-0.008833	+0.008640	+0.053319
48	-0.027653	+0.014470	+0.013895	-0.000712
49	+0.014030	-0.026902	+0.035731	-0.022859
