pos	val_A	val_C	val_G	val_T
0	-0.005013	-0.005623	-0.017452	+0.028087
1	+0.031643	-0.030514	-0.011024	+0.009894
2	+0.031113	-0.025266	-0.033468	+0.027620
3	-0.004255	-0.026150	+0.027017	+0.003388
4	+0.001456	+0.007926	-0.007084	-0.002298
5	-0.000085	+0.000334	-0.002399	+0.002150
6	+0.010148	-0.014358	-0.021977	+0.026187
7	-0.002670	-0.010426	-0.006612	+0.019708
8	+0.015527	-0.011718	-0.026703	+0.022895
9	+0.008208	-0.011825	-0.020284	+0.023902
10	+0.008374	-0.020684	-0.021393	+0.033703
11	-0.020759	-0.004551	-0.012015	+0.037325
12	+0.014306	-0.010029	-0.030520	+0.026243
13	+0.000738	+0.008355	-0.033237	+0.024144
14	+0.026230	+0.020828	-0.053317	+0.006259
15	+0.050769	-0.018348	-0.025263	-0.007158
16	+0.052165	-0.055797	-0.011326	+0.014959
17	+0.074034	-0.059542	-0.088656	+0.074164
18	+0.103863	-0.100383	-0.089721	+0.086241
19	-0.032361	-0.134621	-0.104555	+0.271538
20	+0.012261	-0.046261	-0.171467	+0.205467
21	+0.031336	-0.002193	-0.168166	+0.139023
22	+0.266629	-0.099207	-0.106342	-0.061081
23	-0.090224	+0.045193	-0.067799	+0.112831
24	+0.043933	-0.033844	+0.134925	-0.145014
25	-0.072731	-0.200163	+0.039313	+0.233580
26	+0.006341	-0.091652	-0.143613	+0.228924
27	-0.131324	-0.034054	+0.004821	+0.160557
28	+0.139398	-0.106716	-0.131889	+0.099208
29	-0.132955	-0.064071	+0.203451	-0.006425
30	-0.139365	-0.006209	+0.081266	+0.064309
31	-0.064145	+0.004902	-0.026674	+0.085917
32	-0.001382	+0.004046	+0.028607	-0.031271
33	-0.032981	+0.029843	+0.001114	+0.002024
34	+0.007838	-0.020793	+0.022160	-0.009205
35	+0.043071	-0.007440	+0.025349	-0.060980
36	+0.034328	-0.032257	-0.002556	+0.000485
37	+0.042136	-0.025417	-0.021303	+0.004583
38	+0.010694	+0.014577	-0.033334	+0.008063
39	-0.011558	+0.026255	-0.024709	+0.010012
40	-0.008070	+0.010471	+0.014360	-0.016761
41	+0.004245	+0.014155	-0.006787	-0.011612
42	-0.002319	+0.004682	+0.015596	-0.017960
43	+0.044229	-0.059724	+0.039407	-0.023912
44	-0.024102	-0.012814	+0.047226	-0.010310
45	+0.097207	-0.120213	-0.070478	+0.093484
46	-0.018440	-0.092106	-0.063476	+0.174022
47	-0.051936	-0.009808	-0.003333	+0.065078
48	-0.029826	+0.010497	+0.019718	-0.000389
49	+0.017010	-0.025354	+0.033437	-0.025094
