pos	val_A	val_C	val_G	val_T
0	+0.000765	-0.032863	-0.024893	+0.056991
1	+0.031027	-0.030011	-0.009973	+0.008957
2	+0.045410	-0.022335	-0.054403	+0.031328
3	-0.001495	-0.039441	+0.046119	-0.005183
4	+0.004604	-0.000076	+0.000492	-0.005019
5	-0.000331	-0.001175	-0.006171	+0.007677
6	+0.002120	-0.012429	-0.012636	+0.022945
7	-0.000559	-0.010875	-0.002189	+0.013623
8	+0.019865	-0.017138	-0.039782	+0.037054
9	+0.017322	-0.032983	-0.013151	+0.028812
10	+0.013470	-0.021166	-0.029671	+0.037368
11	-0.023761	+0.002974	-0.020615	+0.041402
12	+0.012467	-0.003278	-0.038374	+0.029185
13	+0.015369	-0.000202	-0.027770	+0.012603
14	+0.016083	+0.009942	-0.022379	-0.003647
15	+0.050623	-0.024355	-0.009428	-0.016840
16	+0.040619	-0.054952	-0.017500	+0.031834
17	+0.076187	-0.085997	-0.069272	+0.079082
18	+0.096052	-0.094896	-0.078604	+0.077447
19	-0.006450	-0.088206	-0.197445	+0.292101
20	-0.022757	-0.055347	-0.107755	+0.185860
21	+0.040434	-0.007715	-0.175988	+0.143268
22	+0.257807	-0.060565	-0.127440	-0.069803
23	-0.095308	+0.035496	-0.059632	+0.119444
24	+0.045757	-0.052757	+0.135772	-0.128772
25	-0.048041	-0.195808	+0.017943	+0.225907
26	-0.039793	-0.100598	-0.073299	+0.213690
27	-0.168604	-0.013033	+0.021692	+0.159946
28	+0.140401	-0.084988	-0.139549	+0.084136
29	-0.171455	-0.046885	+0.203559	+0.014781
30	-0.140181	-0.006133	+0.075392	+0.070922
31	-0.071812	+0.018254	-0.028883	+0.082441
32	-0.013123	+0.008044	+0.033059	-0.027980
33	-0.050663	+0.022295	+0.023924	+0.004444
34	+0.000035	-0.025560	+0.028658	-0.003134
35	+0.040351	-0.008482	+0.020387	-0.052256
36	+0.031976	-0.030124	-0.002329	+0.000477
37	+0.048387	-0.037295	-0.007610	-0.003482
38	+0.009830	+0.010599	-0.031762	+0.011334
39	-0.019113	+0.016257	-0.019268	+0.022124
40	-0.008703	+0.006403	+0.006841	-0.004541
41	+0.001346	+0.017393	-0.008570	-0.010169
42	+0.003346	-0.002037	+0.022579	-0.023889
43	+0.044299	-0.057525	+0.044069	-0.030844
44	-0.022496	-0.011304	+0.057649	-0.023848
45	+0.094654	-0.110116	-0.079089	+0.094551
46	-0.029989	-0.079797	-0.068247	+0.178033
47	-0.049759	-0.021594	+0.008734	+0.062620
48	-0.043802	+0.013120	+0.031838	-0.001156
49	+0.019845	-0.017708	+0.024775	-0.026912
