pos	val_A	val_C	val_G	val_T
0	-0.005388	-0.008403	-0.043723	+0.057515
1	+0.025880	-0.022252	-0.014301	+0.010674
2	+0.040988	-0.028376	-0.044366	+0.031754
3	+0.006012	-0.046947	+0.036034	+0.004901
4	-0.002850	+0.015252	-0.008303	-0.004099
5	+0.007103	-0.010991	-0.006436	+0.010325
6	+0.008993	-0.007980	-0.019331	+0.018318
7	+0.006507	-0.015949	-0.007011	+0.016454
8	+0.016397	-0.017575	-0.054664	+0.055842
9	+0.018133	-0.038063	-0.005085	+0.025014
10	+0.010402	-0.007795	-0.035344	+0.032736
11	-0.025360	+0.017167	-0.034207	+0.042400
12	+0.022274	-0.004817	-0.047238	+0.029781
13	+0.007550	-0.009039	-0.004296	+0.005785
14	+0.000998	+0.013284	-0.025075	+0.010794
15	+0.045575	-0.012834	-0.018485	-0.014256
16	+0.034024	-0.045363	-0.012517	+0.023855
17	+0.079125	-0.072307	-0.105959	+0.099141
18	+0.089088	-0.094482	-0.068154	+0.073549
19	-0.031101	-0.138219	-0.096690	+0.266009
20	+0.003473	-0.050186	-0.153262	+0.199974
21	+0.021449	-0.011424	-0.148819	+0.138794
22	+0.263005	-0.044481	-0.041610	-0.176913
23	-0.098160	+0.066837	-0.091888	+0.123211
24	+0.028441	-0.025121	+0.125769	-0.129089
25	-0.041514	-0.230898	+0.041561	+0.230850
26	-0.018528	-0.064113	-0.144236	+0.226876
27	-0.153142	-0.042739	+0.033176	+0.162704
28	+0.127127	-0.093686	-0.098052	+0.064612
29	-0.138233	-0.060793	+0.194218	+0.004807
30	-0.137642	-0.022515	+0.096352	+0.063805
31	-0.075936	+0.014072	-0.027929	+0.089793
32	+0.008657	+0.015223	+0.030730	-0.054610
33	-0.037475	+0.021402	+0.020955	-0.004882
34	+0.007995	-0.033091	+0.030143	-0.005047
35	+0.044011	-0.003882	+0.020065	-0.060194
36	+0.019498	-0.017081	-0.006424	+0.004008
37	+0.045890	-0.028549	-0.015689	-0.001653
38	+0.004383	+0.018598	-0.029290	+0.006310
39	-0.011779	+0.021406	-0.020328	+0.010701
40	-0.008959	+0.000749	+0.014055	-0.005844
41	-0.013717	+0.020136	+0.007225	-0.013644
42	+0.004426	-0.006712	+0.022052	-0.019765
43	+0.038717	-0.060934	+0.047786	-0.025569
44	-0.032257	-0.011168	+0.047035	-0.003610
45	+0.097291	-0.116620	-0.080741	+0.100070
46	-0.047663	-0.085371	-0.031111	+0.164145
47	-0.052234	-0.014327	+0.008231	+0.058329
48	-0.038747	+0.003565	+0.033243	+0.001939
49	+0.022301	-0.017033	+0.039893	-0.045161
