pos	val_A	val_C	val_G	val_T
0	-0.001819	-0.023057	-0.022221	+0.047097
1	+0.033040	-0.022014	-0.020063	+0.009038
2	+0.034837	-0.025279	-0.021159	+0.011602
3	+0.005258	-0.033446	+0.023447	+0.004742
4	+0.001258	+0.007613	-0.000617	-0.008254
5	+0.006212	+0.006712	-0.006138	-0.006786
6	+0.009152	-0.016515	-0.013343	+0.020707
7	+0.003673	-0.021242	+0.003806	+0.013764
8	+0.013281	-0.017471	-0.030840	+0.035031
9	+0.020876	-0.038062	-0.006820	+0.024006
10	+0.009377	-0.017669	-0.025750	+0.034042
11	-0.013249	+0.003622	-0.036257	+0.045884
12	+0.026387	-0.016976	-0.036175	+0.026765
13	+0.007600	-0.005400	-0.025446	+0.023245
14	+0.000409	+0.012994	-0.041383	+0.027980
15	+0.049356	-0.005168	-0.027222	-0.016966
16	+0.030600	-0.051229	-0.008289	+0.028918
17	+0.067625	-0.079016	-0.060881	+0.072273
18	+0.103121	-0.091130	-0.092225	+0.080234
19	-0.048459	-0.121576	-0.091557	+0.261592
20	-0.014950	-0.076150	-0.098246	+0.189346
21	+0.043757	-0.007681	-0.189562	+0.153486
22	+0.269606	-0.119008	-0.064563	-0.086035
23	-0.096829	+0.042094	-0.053598	+0.108333
24	+0.030069	-0.041762	+0.131793	-0.120099
25	-0.037327	-0.210525	+0.019489	+0.228363
26	-0.033189	-0.066265	-0.138058	+0.237512
27	-0.182900	-0.018555	+0.042460	+0.158996
28	+0.129319	-0.104637	-0.095028	+0.070346
29	-0.157909	-0.063246	+0.206045	+0.015110
30	-0.148299	-0.008706	+0.087779	+0.069226
31	-0.080701	+0.007754	-0.028437	+0.101384
32	+0.015664	+0.007369	+0.014140	-0.037172
33	-0.040878	+0.022257	+0.016179	+0.002442
34	+0.003452	-0.016926	+0.016477	-0.003003
35	+0.046679	-0.010268	+0.019467	-0.055878
36	+0.037757	-0.034795	+0.003691	-0.006653
37	+0.045795	-0.019796	-0.016420	-0.009579
38	+0.005597	+0.020657	-0.034625	+0.008371
39	-0.017789	+0.022645	-0.017787	+0.012931
40	-0.002845	-0.000590	+0.040446	-0.037011
41	-0.010496	+0.023087	-0.004575	-0.008015
42	+0.001265	-0.002429	+0.017714	-0.016551
43	+0.049025	-0.057770	+0.042405	-0.033660
44	-0.039805	-0.014540	+0.085940	-0.031595
45	+0.099342	-0.101104	-0.099555	+0.101317
46	-0.033357	-0.089074	-0.055049	+0.177480
47	-0.049936	-0.022685	+0.017482	+0.055139
48	-0.027046	+0.009955	+0.009265	+0.007826
49	+0.022006	-0.018863	+0.040086	-0.043229
